514.08
496.63
483.01
493.94
481.66
504.54
526.64
534.26
530.94
548.5
569.72
558.3
574.71
576.11
581.2
565.46
582.35
562.09
559.76
534.46
522.73
501.83
496.84
505.9
496.33
479.39
479.34
461.94
453.06
436.78
427.81
424.89
433.12
426.57
434.24
447.15
454.26
459.84
455.41
464.12
478.39
471.29
457.14
449.0
458.66
444.65
465.53
458.66
461.18
460.47
451.68
463.56
441.08
439.99
419.13
427.7
431.62
420.05
400.39
415.95
433.07
437.49
416.25
406.6
419.63
433.07
439.35
458.14
474.73
451.05
463.51
443.52
456.56
467.82
484.49
486.23
505.92
521.72
538.79
555.77
579.6
566.91
558.33
578.44
550.52
533.52
531.11
520.4
517.51
521.4
523.72
507.11
528.76
550.67
566.79
547.96
556.59
577.44
599.51
622.69
640.57
628.72
601.62
589.27
607.53
617.71
615.29
585.69
567.8
588.71
580.8
600.75
593.72
575.01
601.65
586.97
602.77
622.83
629.61
635.76
626.29
613.76
628.85
635.93
619.17
596.62
587.69
610.73
582.99
589.15
609.86
630.46
648.02
675.9
678.21
696.7
681.19
680.2
678.74
701.4
718.89
717.18
735.2
736.34
742.58
756.74
752.12
752.43
734.62
743.11
772.36
791.84
783.14
769.5
794.41
755.44
747.52
712.0
681.82
658.46
642.45
666.13
691.2
721.72
703.15
677.45
665.69
674.67
670.16
699.29
706.15
716.97
694.24
698.75
704.87
732.07
716.76
715.29
706.76
706.58
676.26
656.31
673.24
660.0
647.62
632.38
601.09
614.44
596.86
620.21
591.49
614.04
626.74
612.42
582.94
558.64
563.25
561.87
577.25
548.55
536.37
547.35
521.57
543.62
544.49
561.4
559.8
538.56
562.12
554.71
562.79
571.61
598.29
601.62
600.9
574.4
580.69
578.12
588.75
579.8
584.31
589.44
595.49
570.27
580.56
608.9
600.25
590.98
563.71
586.88
584.69
609.91
601.01
624.69
647.51
632.06
624.49
638.57
638.79
612.61
605.17
619.18
592.4
575.56
569.6
562.9
561.57
576.86
604.25
583.5
612.28
597.62
592.71
608.28
603.83
613.11
610.0
599.48
591.47
615.91
630.59
656.14
669.87
687.48
677.49
710.66
728.96
764.55
789.46
782.87
816.63
779.41
751.41
719.98
738.48
740.48
776.63
763.27
773.86
779.34
749.7
740.85
716.96
730.46
750.84
757.1
755.57
783.87
754.63
726.77
760.64
745.27
754.05
749.39
754.66
763.62
770.85
736.34
738.53
773.92
803.91
784.96
770.63
792.67
784.06
767.01
754.86
762.02
766.95
770.91
746.31
768.02
757.12
785.71
775.0
769.73
745.16
709.83
687.94
721.8
745.5
730.81
729.2
698.39
674.01
669.9
657.31
641.16
656.0
635.09
649.66
670.25
662.41
684.56
689.31
697.13
672.99
687.57
671.39
681.7
650.43
661.46
658.02
648.53
617.43
594.44
574.76
559.83
553.35
530.38
509.92
492.21
510.08
509.02
492.56
497.73
488.78
480.92
478.53
490.74
498.34
501.07
504.36
517.09
536.21
552.6
538.61
517.28
532.82
518.27
524.47
521.32
537.19
532.33
555.67
545.29
542.25
562.05
538.06
547.9
547.0
558.03
538.94
527.23
510.2
529.85
529.52
528.94
548.89
567.64
569.24
575.09
569.15
560.97
582.39
566.89
551.29
555.86
576.56
548.65
531.94
557.94
558.22
573.29
584.34
583.85
608.32
622.29
619.11
600.14
598.39
576.94
567.9
591.64
584.69
604.22
598.95
606.41
613.8
592.67
619.44
612.2
620.56
646.7
670.14
656.82
672.21
646.28
622.57
604.15
594.05
585.95
591.71
600.85
626.15
627.15
647.57
616.99
640.01
620.01
598.85
598.54
598.21
571.86
600.04
617.76
646.76
645.34
662.89
681.28
663.65
655.08
677.51
686.6
696.78
670.74
667.95
674.1
695.59
700.87
687.6
715.88
702.81
734.7
704.44
725.85
705.09
699.34
669.39
701.71
723.09
716.48
722.08
729.45
742.24
777.57
795.99
759.42
770.2
780.41
805.85
778.03
804.93
843.79
878.22
896.37
933.99
914.57
952.41
982.43
984.95
981.33
1028.66
1031.82
1001.22
1031.31
1013.72
1055.61
1063.52
1036.63
1060.7
1071.82
1096.26
1043.63
1089.73
1087.9
1087.74
1135.65
1101.08
1142.67
1185.68
1188.65
1163.1
1209.23
1268.27
1219.33
1203.33
1191.15
1209.84
1213.12
1162.77
1186.3
1133.69
1108.92
1126.33
1119.33
1086.72
1121.99
1167.04
1133.03
1076.51
1065.88
1061.94
1094.37
1118.95
1163.64
1155.29
1129.42
1126.48
1160.85
1133.0
1159.38
1165.46
1191.78
1244.6
1278.63
1317.56
1286.85
1257.89
1210.84
1228.35
1194.97
1241.72
1208.34
1193.13
1137.35
1154.73
1152.85
1208.96
1151.94
1134.57
1139.75
1093.76
1039.48
1077.24
1126.07
1158.65
1157.55
1187.88
1231.88
1185.74
1136.53
1130.81
1127.13
1158.74
1182.36
1124.78
1139.41
1126.92
1142.41
1189.85
1248.67
1244.64
1277.62
1324.99
1347.9
1355.88
1311.66
1300.7
1245.62
1305.61
1262.69
1236.52
1252.67
1277.75
1300.86
1316.69
1323.5
1351.94
1294.27
1275.15
1305.13
1311.14
1296.56
1309.57
1290.65
1327.06
1286.62
1308.33
1332.68
1273.89
1260.18
1228.46
1241.78
1257.57
1294.0
1335.99
1308.47
1328.71
1326.79
1280.3
1303.01
1283.98
1271.24
1291.53
1307.12
1274.91
1284.73
1252.2
1209.58
1198.49
1232.58
1263.52
1218.7
1266.54
1239.13
1276.72
1265.95
1238.8
1275.14
1286.9
1293.54
1349.65
1290.06
1269.07
1276.56
1230.14
1283.39
1228.77
1201.3
1215.14
1257.1
1205.11
1145.8
1114.5
1096.78
1099.84
1146.25
1176.77
1168.66
1174.97
1123.55
1079.58
1082.25
1082.7
1053.88
1003.77
958.26
962.99
963.86
919.28
905.36
923.79
946.75
939.33
922.99
963.6
922.85
961.0
979.65
964.48
976.46
936.97
965.79
985.83
1022.88
992.48
1018.79
1022.68
1006.05
990.34
965.62
923.22
931.18
945.23
910.09
952.6
937.55
891.33
873.29
847.66
859.52
884.35
902.55
904.59
919.26
933.79
960.03
949.21
974.66
965.25
920.44
904.18
880.23
877.52
885.77
892.61
904.72
938.16
984.99
955.07
911.72
930.56
924.83
912.01
873.65
850.67
864.96
866.25
857.04
863.05
876.15
873.56
879.41
888.07
912.32
915.84
954.51
950.36
965.95
999.48
982.4
1028.5
1079.44
1099.17
1093.71
1047.57
1065.15
1088.81
1122.96
1137.17
1080.9
1036.02
1056.12
1069.28
1088.91
1084.95
1080.68
1065.33
1103.14
1096.24
1064.05
1024.36
983.91
1011.6
966.95
992.65
1020.68
986.91
962.03
931.76
941.69
951.76
950.12
902.78
907.63
903.45
944.58
981.29
950.16
996.49
1027.6
999.26
1006.9
1009.37
1039.24
1064.83
1057.32
1087.22
1087.66
1084.12
1117.32
1131.14
1100.82
1093.57
1041.9
1080.99
1128.33
1078.9
1070.31
1102.72
1112.5
1066.02
1068.5
1029.73
1074.37
1117.48
1089.43
1141.62
1172.87
1162.2
1175.76
1149.71
1128.75
1077.91
1038.06
1086.65
1083.49
1091.11
1109.04
1073.19
1093.49
1050.69
1049.92
1075.09
1099.18
1124.29
1091.66
1082.78
1081.44
1113.01
1104.02
1157.98
1140.81
1128.11
1129.79
1171.78
1214.3
1216.72
1241.82
1301.21
1237.73
1228.25
1229.97
1282.79
1319.51
1304.97
1272.04
1335.08
1359.14
1375.69
1328.03
1368.66
1398.69
1406.45
1415.73
1441.53
1480.8
1547.7
1551.24
1576.7
1519.4
1593.86
1526.09
1487.83
1537.55
1480.38
1505.63
1580.63
1535.2
1498.55
1499.16
1429.02
1429.92
1391.58
1358.21
1345.87
1294.78
1240.42
1199.61
1250.39
1192.37
1199.77
1212.78
1154.28
1162.54
1175.63
1121.49
1111.1
1125.05
1104.4
1076.59
1072.57
1071.99
1061.58
1071.48
1047.54
1021.98
1031.33
1006.93
1029.52
1045.17
1022.08
1054.84
1021.08
979.24
980.04
1022.24
1029.46
1015.8
1042.11
1071.12
1028.38
1018.04
997.87
978.21
1015.96
1009.99
1055.15
1021.65
1014.61
992.72
982.02
936.03
955.32
954.56
931.91
926.86
888.3
849.49
841.25
865.85
857.22
885.16
921.43
934.77
904.29
932.36
936.81
930.37
911.01
888.85
899.63
890.25
874.01
845.17
817.07
800.23
832.1
819.21
841.99
809.47
814.77
799.78
834.4
859.44
849.2
824.85
831.6
865.34
896.36
857.23
846.07
857.93
856.76
879.74
890.22
908.09
892.91
874.44
888.23
907.78
871.73
882.5
892.81
898.93
924.4
911.32
881.79
857.73
856.17
889.37
898.09
918.47
962.44
951.29
974.08
952.95
967.95
1012.58
1004.87
965.39
972.07
960.84
1002.34
1009.08
1045.46
1057.15
1090.48
1091.14
1137.05
1123.1
1166.05
1152.65
1155.63
1148.81
1169.25
1225.31
1279.54
1230.05
1253.79
1314.42
1337.87
1402.04
1454.9
1462.2
1399.61
1416.57
1353.62
1330.98
1377.0
1407.6
1434.84
1377.61
1310.24
1328.36
1282.18
1274.37
1224.46
1233.72
1235.65
1209.1
1166.22
1153.48
1099.62
1100.09
1143.45
1093.74
1123.34
1101.63
1050.07
1080.87
1054.6
1091.71
1054.87
1059.0
1077.72
1069.9
1067.78
1054.32
1050.81
1012.83
1039.99
1050.83
1027.47
1036.68
1004.58
1042.87
1046.36
1074.91
1078.9
1030.74
990.71
947.02
960.44
960.46
983.23
970.9
946.11
987.39
1029.9
1045.16
996.53
965.66
963.87
936.11
937.63
958.62
919.66
941.85
908.68
867.18
840.38
834.81
860.27
848.76
866.87
861.7
874.95
894.4
912.77
901.22
932.7
942.68
947.36
981.89
977.16
962.28
978.37
1001.03