511.7
513.29
529.49
533.98
533.98
519.69
504.06
515.83
540.65
514.9
489.67
499.65
504.09
520.79
514.65
519.07
524.46
507.75
496.98
509.37
493.22
474.23
450.95
445.67
452.02
461.8
458.32
442.36
435.89
451.78
431.49
416.7
425.92
416.24
432.82
445.13
460.58
459.02
476.84
493.25
477.7
491.92
509.39
505.53
489.33
505.79
501.28
509.23
526.84
506.28
528.75
521.58
517.69
521.7
537.7
564.22
559.92
538.18
553.1
568.52
569.72
593.48
607.82
623.43
612.12
602.38
610.49
616.3
590.61
611.79
590.77
590.98
577.18
554.1
548.99
536.49
556.04
577.46
556.94
561.06
567.95
563.77
581.37
601.09
605.45
631.04
603.58
574.87
561.13
569.11
596.26
579.78
600.44
610.44
601.79
625.34
616.37
587.72
586.06
573.05
582.26
588.15
570.94
552.39
560.63
563.1
561.66
556.47
534.89
534.8
535.84
514.37
499.83
488.03
476.16
495.31
516.79
495.59
492.48
479.82
483.89
462.21
444.35
426.24
426.88
420.86
416.26
410.44
393.24
389.57
407.0
408.14
390.64
395.15
414.58
430.06
430.35
443.38
459.12
460.33
481.19
501.61
490.88
507.33
489.98
485.03
463.96
453.67
437.21
426.24
413.9
430.85
427.31
406.14
393.47
394.85
408.86
423.32
424.29
445.26
432.14
437.44
453.61
458.34
439.83
439.86
440.25
422.57
408.19
423.84
409.87
421.04
425.95
416.8
414.17
418.69
424.67
427.55
437.5
458.24
461.63
453.71
460.56
477.08
474.37
475.01
485.31
474.76
496.78
492.17
497.15
495.65
476.66
463.1
476.8
482.35
504.66
500.32
484.37
474.95
498.51
506.24
514.19
498.16
491.95
515.8
501.4
501.47
486.18
471.53
448.26
439.72
440.08
440.93
435.51
432.67
411.96
413.6
425.38
410.69
411.74
419.78
440.34
444.33
447.59
453.98
444.77
466.4
451.15
438.74
443.93
430.72
437.3
431.84
412.16
431.06
417.65
416.0
400.34
381.27
375.91
378.82
374.2
370.6
355.59
371.54
359.93
349.85
349.55
338.4
331.85
334.71
321.31
330.99
315.38
320.61
333.68
325.26
337.02
329.75
340.57
346.42
347.11
336.44
349.19
356.7
353.25
365.74
359.49
372.03
386.67
401.9
403.29
406.25
397.82
397.63
401.19
385.61
391.44
374.96
362.05
368.34
375.9
393.74
390.89
400.59
417.25
409.53
397.48
387.2
386.33
393.27
382.87
381.89
387.62
389.92
393.47
378.81
387.25
372.47
370.35
374.08
356.61
341.63
339.91
329.89
346.31
358.81
369.68
386.19
377.57
363.63
349.37
342.82
329.28
318.99
317.02
318.24
324.01
325.79
314.95
306.92
318.76
312.55
312.85
299.19
311.74
303.86
294.84
288.85
292.79
284.67
284.99
293.37
281.8
277.45
281.31
281.47
290.06
289.13
290.91
285.3
278.0
273.25
276.3
277.13
284.57
298.14
303.89
290.44
289.39
287.56
283.08
285.04
286.43
300.69
291.43
291.24
290.44
287.71
280.88
272.55
284.58
274.48
282.26
271.83
275.44
276.59
272.34
276.32
286.93
285.18
278.67
279.14
268.29
259.54
270.99
267.13
261.83
274.58
270.38
271.61
278.69
276.39
285.65
290.54
299.82
285.51
274.01
272.14
267.91
280.23
285.64
281.4
283.96
272.4
269.23
268.7
261.18
249.2
241.34
249.59
237.86
227.28
235.39
235.18
225.48
221.95
222.33
213.45
218.92
226.04
221.88
212.81
209.37
201.82
200.59
202.01
200.48
203.52
200.78
200.95
196.83
188.11
187.0
188.65
179.69
181.6
188.6
193.42
194.47
187.09
191.52
185.23
192.24
199.76
195.42
197.34
199.65
194.15
187.43
196.52
188.78
185.38
179.39
187.46
191.48
199.84
204.96
204.84
210.47
212.02
214.4
207.56
214.53
211.57
219.12
229.27
220.11
211.96
203.77
198.16
204.3
210.63
213.49
218.16
208.22
205.52
202.81
193.52
190.35
198.3
206.33
215.41
219.72
224.39
229.61
237.0
246.52
250.25
260.11
247.23
236.0
239.99
249.64
246.78
256.28
251.26
241.27
234.64
245.12
247.46
243.95
245.78
236.7
228.36
228.95
220.21
223.83
229.44
220.63
229.83
223.13
232.44
241.7
238.9
245.61
248.83
251.85
264.28
270.62
271.3
272.16
280.52
276.49
275.8
285.69
288.67
291.89
279.28
285.48
274.74
281.66
272.93
272.68
263.47
271.27
261.54
270.4
262.26
258.94
246.67
248.46
240.2
235.22
242.69
239.52
244.79
252.56
244.72
244.94
238.2
230.22
233.89
232.79
231.66
227.07
227.98
216.87
225.09
231.46
220.49
216.89
213.58
203.4
193.68
196.16
199.78
198.13
207.4
207.58
206.74
212.02
216.54
207.16
201.88
206.94
211.44
221.58
227.39
236.53
240.28
228.38
234.1
236.9
239.83
248.0
239.7
247.2
257.78
267.16
277.89
286.8
272.97
271.64
270.77
280.39
288.5
286.11
288.82
283.92
278.44
269.85
269.15
255.73
262.76
269.69
273.1
265.49
268.32
267.09
269.49
277.21
279.41
271.99
275.29
278.74
291.12
280.75
270.41
278.63
291.95
302.28
314.21
322.56
324.37
320.49
315.64
321.54
313.53
305.18
300.54
299.84
308.34
312.23
308.57
311.18
323.8
310.98
303.93
317.38
303.53
315.97
312.88
302.99
294.54
281.25
293.91
287.32
294.2
294.84
292.07
299.38
297.21
295.33
285.56
275.61
265.99
262.82
271.26
265.03
252.74
253.75
259.98
260.6
268.35
279.91
292.46
294.66
295.48
294.08
297.41
299.53
314.48
320.45
315.21
320.48
322.31
315.85
314.41
299.9
312.6
320.92
329.51
316.76
314.75
329.63
343.46
345.64
346.11
349.36
350.16
365.28
381.98
382.23
368.75
375.26
363.44
373.78
366.24
354.54
344.74
351.86
357.77
341.9
354.1
351.15
366.05
368.79
358.03
360.59
360.47
369.3
356.36
361.99
374.97
384.77
377.12
384.21
384.67
392.6
376.61
375.39
378.91
380.69
379.88
396.97
382.07
398.02
414.45
430.65
427.09
409.0
406.36
414.98
434.34
426.37
412.49
428.41
437.15
449.95
444.54
442.87
452.02
438.05
430.47
437.53
451.25
445.44
432.15
424.59
421.02
403.09
407.54
393.54
386.9
369.41
370.27
369.39
386.54
404.78
384.8
386.25
404.56
392.87
396.21
384.08
377.45
380.41
373.95
373.85
380.23
397.19
391.14
403.92
394.92
391.25
380.19
395.48
377.72
395.22
395.71
395.98
410.99
418.89
436.09
432.46
436.3
450.16
464.19
460.83
441.41
422.39
405.24
394.78
378.99
381.58
362.61
366.07
354.07
355.8
347.18
353.92
362.93
354.32
349.12
354.26
342.81
354.12
365.44
355.76
352.71
339.05
332.81
348.14
348.44
341.05
346.61
362.69
356.01
351.78
336.91
324.93
336.25
349.82
355.8
350.69
357.57
357.2
374.27
387.07
391.21
392.55
396.08
409.96
407.57
421.62
422.69
413.83
434.35
433.62
419.89
418.18
417.67
427.94
420.56
411.86
430.33
418.86
419.24
412.21
413.59
417.84
405.14
423.39
437.27
416.92
429.95
430.07
450.85
446.49
458.75
458.95
463.29
469.24
476.67
464.19
468.43
463.15
456.82
458.34
442.37
433.36
447.09
458.58
444.08
457.26
460.48
439.55
436.52
435.32
421.1
422.09
408.51
413.12
421.98
418.23
404.45
398.94
410.31
392.8
411.98
402.56
417.92
437.52
431.37
440.84
429.72
419.54
434.58
421.47
412.33
420.52
408.6
422.17
424.14
405.36
394.1
375.7
359.5
369.96
374.87
375.65
382.79
397.17
392.79
412.0
418.15
417.0
418.46
411.17
401.93
387.47
376.17
369.47
366.81
363.88
360.5
365.22
366.68
358.1
351.16
356.62
343.17
330.01
315.72
318.28
309.18
321.69
332.82
330.05
342.94
345.41
332.32
343.18
359.1
349.0
357.46
350.49
343.78
328.95
321.06
318.53
320.82
314.01
312.95
326.57
315.28
302.29
312.9
317.55
321.59
308.36
309.62
294.82
308.86
323.36
329.89
320.33
319.91
328.27
316.75
318.27
316.12
317.88
318.75
324.04
332.33
344.03
329.17
322.77
309.19
321.9
305.84
300.88
291.9
294.73
292.95
289.9
292.52
279.67
277.83
279.25
271.58
284.33
273.03
261.65
262.98
272.83
283.39
296.64
306.07
310.38
311.46
325.24
317.66
329.9
320.68
324.37
321.38
321.81
319.06
328.16
326.68
330.65
314.98
326.28
314.36
318.65
318.67
321.67
326.93
311.93
307.48
298.94
286.02
285.7
297.85
297.81
283.56
272.66
280.32
290.09
295.09
300.54
294.72
288.76
288.66
287.68
287.11
279.02
276.25
265.93
262.66
266.0
269.75
278.01
272.68
271.77
276.63
277.71
282.8
289.15
292.59
283.02
283.58
297.68
289.35
298.13
306.41
300.79
290.27
277.26
284.94
282.33
290.05
283.56
271.38
268.28
264.67
277.52
264.8
254.77
253.56
263.42
264.07
264.88
254.16
246.33
253.67
244.93
248.28
250.91
244.45
236.91
236.68
228.67
224.66
229.12
218.17
216.61
219.43
218.95
215.64
205.14
198.6
201.7
203.99
198.6
203.85
200.69
208.2
204.84
197.71
198.77
203.69
198.52
195.45
195.06
187.28