491.39
509.89
511.04
498.46
486.62
471.26
485.95
493.32
513.69
493.3
510.33
495.28
497.24
520.46
546.28
525.0
500.08
519.64
524.13
523.32
527.63
531.36
505.63
496.37
501.78
483.6
466.8
462.19
453.23
434.01
427.64
419.27
419.46
436.57
449.45
428.57
411.53
405.04
413.38
404.87
394.85
407.71
406.13
419.26
404.51
404.48
411.31
429.26
434.4
416.49
407.04
397.93
392.59
391.26
404.5
385.69
382.8
373.6
378.65
387.39
387.74
393.24
390.64
405.41
413.18
431.94
421.22
410.42
399.93
380.21
366.73
367.76
355.65
340.44
356.97
354.2
340.27
334.74
334.0
338.3
333.74
335.43
321.86
323.39
321.1
314.81
300.26
309.86
301.49
301.61
292.79
300.01
293.53
298.72
285.78
287.79
294.99
307.15
295.32
305.25
315.18
299.98
309.26
294.4
293.49
294.56
299.05
286.0
273.43
277.66
273.14
269.46
273.3
264.51
265.13
274.75
268.87
280.24
267.63
270.47
277.66
269.45
280.99
270.72
265.2
258.1
247.48
256.74
266.59
272.81
282.8
286.38
298.1
303.61
297.75
296.06
291.68
288.22
288.49
285.99
299.0
296.34
302.75
302.75
292.95
299.21
309.45
312.99
328.28
328.45
322.4
314.39
323.22
312.58
314.26
310.44
316.62
322.61
336.21
330.01
320.42
324.12
324.78
335.33
350.17
362.77
380.39
396.03
391.45
410.87
392.32
398.06
416.6
428.43
445.47
448.45
431.03
409.78
418.41
403.34
401.69
387.27
393.79
386.44
378.19
373.42
371.73
372.82
377.33
369.05
361.13
356.9
361.57
367.54
353.43
338.33
331.72
340.14
356.18
349.94
353.08
345.42
342.49
351.07
366.66
372.93
389.76
403.28
389.44
384.17
382.42
401.16
387.39
387.21
401.36
382.98
392.17
391.38
404.79
393.86
375.17
392.45
405.56
412.09
424.45
409.83
395.65
401.81
411.92
422.32
432.52
454.01
431.53
436.35
455.35
445.15
454.77
468.57
466.02
478.23
468.84
456.18
471.08
466.08
447.16
430.39
442.27
454.62
459.22
456.37
474.38
452.16
430.11
451.46
454.42
460.03
459.7
460.7
476.03
485.08
468.99
447.31
453.63
464.16
453.9
455.36
436.54
450.53
438.79
425.23
420.12
420.13
410.19
403.57
413.98
426.44
421.14
416.48
435.77
439.44
432.07
450.97
432.84
427.88
430.91
409.53
409.09
397.93
403.7
409.07
407.24
410.16
403.74
423.52
437.65
458.06
476.39
458.06
474.38
462.54
444.03
431.28
440.16
422.52
428.38
417.11
428.56
420.33
423.8
441.68
451.32
460.01
452.16
460.36
480.83
463.57
463.64
461.12
464.48
462.82
482.36
467.83
470.94
474.35
494.45
508.11
488.47
477.4
488.76
512.29
519.45
535.85
514.69
497.38
518.95
498.11
473.96
471.1
457.43
460.93
463.22
456.88
461.49
458.87
446.99
454.69
455.49
444.1
432.95
420.25
422.99
405.63
390.32
379.68
383.06
381.46
379.32
374.69
371.8
380.39
384.26
383.59
383.73
389.76
379.48
370.47
372.86
367.83
368.86
351.36
353.38
348.46
340.08
324.7
336.67
350.06
353.83
353.63
346.98
358.83
341.53
324.52
335.71
329.84
337.66
351.66
368.66
355.15
344.37
347.72
347.56
344.69
336.95
331.49
338.05
322.94
318.08
327.82
316.97
321.64
307.53
319.72
307.29
301.11
300.01
307.97
303.91
309.55
318.86
315.18
315.87
326.77
320.87
328.85
338.81
328.12
319.54
317.02
332.81
322.19
323.6
321.42
317.0
314.91
306.64
315.53
319.54
314.56
318.35
323.63
338.02
332.6
345.11
348.31
358.94
375.7
383.5
365.74
363.38
372.98
373.57
376.99
381.15
398.58
403.45
388.82
395.93
413.07
419.42
418.1
412.23
395.7
396.08
404.3
390.72
374.45
383.93
381.73
368.71
353.12
361.44
348.43
333.92
321.07
322.01
330.42
346.82
339.17
327.08
326.71
336.58
351.5
366.99
356.65
373.11
368.92
380.48
385.06
403.09
408.25
393.63
405.91
420.78
425.62
424.26
425.94
408.66
427.19
439.33
448.21
431.6
419.31
409.66
424.97
406.85
419.77
400.64
394.79
378.49
363.47
360.13
375.85
368.62
381.34
365.32
374.93
382.34
395.13
394.75
385.29
389.34
401.16
386.01
387.01
401.62
382.46
375.48
381.93
386.09
387.22
405.79
396.78
403.65
388.78
389.12
394.35
387.42
402.66
422.7
409.26
415.74
402.2
421.06
441.89
453.06
475.53
457.18
442.76
439.05
457.44
472.92
474.13
478.5
491.36
514.72
517.92
523.19
513.37
513.19
528.8
521.48
527.07
527.58
550.86
535.3
519.34
540.47
542.35
529.54
541.48
553.93
534.29
536.93
550.02
529.51
510.89
518.29
525.05
525.97
549.48
562.07
550.44
528.84
502.48
524.95
519.76
511.29
508.47
504.77
481.53
460.86
455.78
472.77
457.22
445.23
440.75
462.2
477.82
479.98
473.97
487.97
507.19
491.98
498.04
519.4
505.82
530.33
519.22
512.42
511.96
528.1
512.48
515.37
503.27
498.84
486.84
472.73
492.8
474.97
468.29
491.37
495.97
493.0
501.64
477.18
477.67
489.47
479.49
478.91
475.33
470.25
447.12
462.47
482.06
465.83
455.48
449.85
434.46
427.55
428.71
413.96
410.71
404.97
417.25
403.82
394.65
400.98
418.25
423.17
407.76
411.34
394.69
407.15
413.89
397.36
413.58
411.35
420.47
421.33
407.13
416.31
396.81
391.32
377.55
366.66
372.97
367.16
361.19
360.54
372.87
374.64
357.06
357.83
354.84
369.81
362.31
369.16
370.73
372.3
383.63
381.9
374.42
369.1
375.77
372.24
369.57
374.53
378.07
389.55
374.4
385.49
377.16
379.12
366.69
351.51
358.07
367.75
379.01
394.31
411.02
423.52
409.14
401.87
419.56
428.08
435.23
442.6
445.09
464.95
473.96
455.27
466.12
488.99
476.4
466.79
487.5
471.71
463.24
483.39
470.52
469.72
457.59
453.98
452.1
449.01
445.74
425.84
416.68
400.73
386.63
396.13
383.96
364.8
363.2
359.51
359.06
353.79
349.99
356.78
347.61
351.74
347.99
331.91
334.55
325.29
329.72
317.57
332.47
334.78
333.91
326.4
312.88
319.81
333.58
323.79
323.04
309.48
306.9
299.79
307.94
310.35
302.8
289.3
297.95
286.77
286.7
297.56
302.31
299.19
313.12
325.26
339.37
350.78
335.32
342.52
354.28
349.65
341.73
337.57
322.96
311.27
309.26
313.83
317.24
306.66
309.31
310.84
298.26
298.36
299.92
286.31
274.63
284.57
285.84
296.86
302.59
315.43
323.49
310.81
314.01
303.45
314.26
317.81
320.4
319.15
321.55
326.71
337.18
336.1
323.57
338.61
321.72
328.59
330.49
331.74
331.61
322.21
310.81
311.23
322.57
314.53
305.64
308.42
300.67
306.63
292.03
303.45
288.8
277.82
285.32
279.14
291.49
279.45
288.51
290.06
285.89
287.67
292.6
292.45
280.67
282.37
281.64
267.85
276.56
279.27
291.18
280.49
273.1
275.28
284.04
291.39
292.65
303.66
310.04
300.29
285.49
281.53
286.01
299.11
291.72
283.03
281.13
267.59
254.52
259.55
265.54
268.66
268.08
255.31
267.82
259.79
258.15
246.95
247.55
258.52
269.93
267.45
270.87
258.42
247.68
255.77
254.88
252.36
260.05
257.76
250.76
243.19
249.13
254.49
264.08
272.61
286.07
278.6
283.86
273.45
286.5
276.94
285.64
298.56
302.23
315.69
318.24
304.26
289.6
294.7
298.9
294.26
292.57
299.38
309.91
325.02
323.22
325.19
338.79
322.73
337.64
338.13
346.98
362.15
344.63
355.48
345.92
353.42
370.44
384.46
373.77
362.47
345.7
343.64
343.97
348.86
340.5
324.16
339.7
355.64
347.44
345.91
348.35
331.73
325.35
309.11
315.67
306.0
294.76
303.36
306.89
296.85
292.86
280.4
289.88
303.21
316.2
327.56
318.09
307.91
309.09
296.93
289.43
295.85
294.93
300.52
313.29
300.54
304.41
301.34
309.08
302.97
307.33
309.76
319.31
303.62
301.43
300.66
304.72
311.14
322.21
333.58
321.42
305.81
301.65
292.11
304.02
300.36
297.23
290.78
276.96
290.34
293.76
282.51
292.73
281.77
279.47
266.04
261.87
255.28
255.07
244.35
232.14
234.65
245.84
248.68
245.61
254.69
242.01
246.4
253.52
250.39
250.78
240.76
239.53
228.94
233.78
234.95
234.86
236.6
232.68
236.61
238.55
234.56
236.57
242.59
247.25
258.67
253.16
255.77
244.09
254.77
265.44
261.6
254.73
265.74
258.92
265.34
265.18
261.74
274.79
269.04
281.38
285.67
288.3
287.41
296.85
290.57
300.47
294.25
297.91
285.21
295.46
290.05
303.29
312.35
327.16
313.23
313.77
301.39
311.88
315.03
322.79
307.9
318.87
310.68
325.39
334.31
322.91
325.28
311.78
303.46
304.43
319.21
316.43
301.34
286.81
277.62
280.45
293.59
297.97
297.01
288.81
287.15
274.86
264.74
267.9
262.41
261.51
253.88
250.78
251.89
250.94
245.2
255.36
264.67
272.22
271.03
281.52
269.17
256.73
264.07
276.98
289.12
294.75
288.13
277.33
286.12
276.15
276.72
265.01
252.63
253.26
248.63
252.11