512.75
536.72
555.08
574.51
573.33
584.34
568.22
540.68
531.76
536.46
553.04
531.73
526.63
538.36
517.59
522.33
501.5
478.53
501.9
488.06
481.8
480.37
474.93
478.05
494.48
508.46
533.68
534.15
516.92
529.65
516.59
531.78
535.28
545.85
534.34
541.79
519.65
544.18
539.51
544.29
555.9
566.34
588.59
586.36
581.36
590.02
568.83
582.41
577.48
580.23
591.26
607.07
592.07
600.95
571.6
583.66
560.3
533.28
548.96
543.25
528.34
515.8
517.61
495.59
515.47
532.93
544.01
540.8
521.98
519.44
535.64
548.93
543.04
527.01
535.69
527.94
542.3
542.38
520.24
535.82
532.02
540.2
530.66
534.36
559.98
552.84
533.16
544.42
541.33
522.58
505.1
514.98
519.46
509.47
511.78
504.69
483.88
468.63
451.53
441.78
442.01
451.28
453.3
446.38
454.89
439.27
423.1
430.57
439.89
432.93
454.13
447.48
427.07
430.15
411.08
397.03
400.92
393.13
381.43
372.27
384.62
366.08
368.85
369.87
371.37
368.33
384.23
367.9
371.82
383.32
382.5
387.28
390.01
376.92
382.68
399.64
419.22
429.42
446.09
441.87
420.35
426.8
426.54
407.28
389.33
376.31
379.32
395.27
407.4
392.21
390.43
398.51
391.96
394.84
391.44
377.55
376.54
373.25
379.14
369.24
367.92
357.87
375.55
362.37
351.08
358.47
359.24
348.26
351.32
341.44
354.3
358.87
376.38
382.44
376.27
392.56
408.22
395.35
388.75
393.02
390.87
401.43
407.98
397.06
401.32
419.8
420.01
411.43
399.78
387.64
404.74
398.93
389.8
387.24
389.84
403.62
391.44
398.34
413.04
426.8
446.32
464.15
469.53
458.86
469.6
460.21
470.63
465.08
484.75
468.08
445.15
466.63
472.79
482.22
499.83
487.19
481.28
490.01
480.17
456.66
459.57
465.87
457.77
476.9
464.81
451.68
439.61
435.44
430.99
437.14
416.96
404.55
387.68
400.2
409.99
423.84
407.45
427.79
441.55
447.57
441.93
436.79
454.1
462.69
472.27
468.08
483.53
501.28
476.35
488.89
512.66
496.52
482.65
484.07
500.03
478.56
466.95
449.68
428.82
413.64
399.74
403.86
419.38
399.3
398.35
393.13
384.7
401.72
402.32
382.67
385.23
392.1
381.14
372.5
384.66
393.65
382.11
398.61
384.26
387.58
402.76
385.68
385.89
404.07
394.4
387.3
389.54
378.24
384.4
382.04
363.83
354.18
343.52
334.78
346.68
334.07
349.74
367.13
352.37
352.84
365.17
367.17
381.03
378.53
365.59
348.32
360.21
362.85
364.76
358.32
367.5
373.07
379.35
375.82
370.62
358.22
375.84
388.08
395.64
412.53
403.35
403.59
386.54
387.92
376.48
375.57
387.63
398.35
400.14
393.91
412.89
419.31
440.24
434.91
420.78
405.77
398.33
414.62
424.66
407.39
388.1
401.95
395.96
402.16
420.42
431.59
413.4
418.72
434.26
430.14
433.13
412.32
416.42
419.53
408.57
393.08
381.3
383.46
387.97
374.53
377.74
362.67
350.87
352.96
349.98
366.03
360.12
374.48
382.96
388.26
390.82
371.4
371.13
352.79
344.17
333.28
319.34
325.92
314.97
309.17
319.14
319.54
332.11
346.42
344.99
331.39
316.22
310.62
313.99
318.85
311.5
298.04
296.92
294.9
297.87
288.66
288.16
291.16
305.14
305.69
304.12
293.27
295.74
295.68
306.63
295.92
308.17
305.38
317.98
303.97
308.68
293.43
282.4
291.45
304.09
309.89
306.23
316.06
304.58
302.81
308.69
294.28
289.43
276.66
271.83
270.25
260.87
259.94
262.29
260.84
271.33
274.88
271.98
260.38
267.6
257.01
251.89
261.59
271.71
271.04
278.1
265.47
256.58
263.0
261.64
256.83
260.64
262.15
255.32
265.46
258.14
267.14
270.5
282.77
292.09
293.04
294.65
286.1
286.21
286.96
285.85
288.71
291.3
297.18
290.48
304.77
310.88
295.48
280.71
271.93
258.42
261.69
268.99
263.06
272.74
273.57
280.88
294.45
308.69
303.13
302.79
295.64
282.86
295.1
293.23
279.27
284.2
287.2
296.34
306.07
311.26
309.69
297.83
287.99
275.39
262.21
251.61
245.75
252.11
252.29
246.82
239.91
240.65
232.77
225.92
227.69
234.49
229.59
223.43
229.73
234.04
236.64
242.25
254.1
245.32
253.19
261.94
250.7
261.43
268.4
268.92
273.12
274.51
282.59
295.08
301.94
294.55
288.75
289.07
296.3
284.86
283.2
283.39
296.96
293.38
295.77
288.97
279.87
272.54
263.27
251.9
244.88
240.14
241.59
235.31
246.34
244.37
238.36
227.73
217.51
213.81
203.65
203.59
200.17
200.45
193.01
194.06
194.8
195.65
205.37
201.68
199.38
191.54
198.13
201.42
200.1
204.9
206.34
197.84
204.89
201.44
197.37
200.54
192.81
194.3
189.92
188.56
187.24
186.13
187.15
184.17
175.82
177.5
179.36
170.4
174.8
177.24
173.4
171.79
174.03
176.73
173.01
176.16
175.6
168.61
167.98
168.6
171.82
169.43
171.75
171.31
176.68
177.0
169.33
176.84
183.95
186.6
184.88
183.12
186.67
180.15
188.26
193.9
192.2
188.45
189.19
187.74
181.58
175.39
179.27
186.3
178.13
181.21
188.05
180.06
177.05
171.72
173.49
171.68
166.53
162.53
169.56
162.03
162.42
165.83
172.57
174.29
170.81
164.66
157.64
155.63
153.92
157.21
163.24
160.21
153.2
153.87
157.18
157.77
160.12
154.45
160.0
163.03
168.61
167.43
161.27
162.01
157.37
156.07
149.63
149.02
146.05
141.3
135.86
141.58
143.43
149.51
147.06
144.74
146.71
146.03
146.98
151.26
146.95
147.87
144.04
150.01
151.8
145.32
150.66
157.67
153.21
155.61
160.46
168.39
175.48
167.11
158.87
153.69
148.96
155.37
160.15
161.23
168.28
162.76
159.88
155.87
161.27
164.79
167.53
165.08
168.43
164.95
162.47
158.49
152.06
151.41
156.86
158.2
152.75
159.49
164.08
169.92
170.3
164.82
169.21
173.4
164.86
161.07
162.99
160.07
166.06
159.68
161.32
167.3
172.75
175.26
182.73
181.95
177.88
169.62
175.07
181.43
180.0
180.69
189.35
198.54
202.5
192.59
194.58
196.01
192.83
195.94
200.76
210.25
212.64
221.2
211.92
218.38
210.71
200.99
206.91
214.43
205.07
212.26
211.64
218.11
226.6
229.49
237.71
237.9
244.19
250.5
260.4
259.31
250.25
255.62
258.38
248.99
259.01
246.57
237.94
229.78
233.24
233.01
223.56
213.37
214.86
215.34
218.02
216.58
214.73
215.95
210.01
201.2
197.2
201.18
192.34
192.64
200.78
202.04
194.9
191.41
197.18
195.72
197.0
205.6
205.16
209.29
199.75
200.53
200.57
202.98
194.41
192.46
191.33
199.32
192.56
187.92
195.79
199.88
190.52
181.65
177.0
180.95
179.96
186.86
184.84
184.59
191.67
182.59
177.16
180.05
180.37
177.69
173.73
173.09
164.92
169.56
175.19
171.49
168.69
163.3
170.19
168.5
169.01
165.4
164.22
167.09
167.67
166.86
165.34
165.16
161.87
156.63
158.07
158.95
151.94
149.5
149.23
147.07
148.84
148.27
145.17
143.79
145.67
152.18
156.04
155.98
158.99
155.0
147.44
150.36
154.14
159.79
152.01
151.3
153.59
153.46
149.07
143.62
149.93
146.79
143.6
143.4
148.12
145.87
146.29
139.46
134.68
140.14
143.29
136.89
132.76
136.74
141.93
137.06
133.5
134.55
130.97
125.02
128.29
127.04
131.49
127.66
121.95
117.59
118.65
122.31
127.37
129.55
126.05
131.79
133.68
130.75
136.87
143.04
139.89
135.34
133.14
134.15
131.96
136.33
141.4
144.32
150.96
152.38
152.44
149.22
152.4
157.73
152.68
157.27
163.07
167.81
171.48
178.37
183.65
186.86
188.1
181.15
180.93
182.74
178.17
175.55
183.51
191.52
183.66
192.61
193.84
187.0
182.46
177.93
184.6
185.85
182.94
188.08
187.01
193.13
192.22
188.96
194.81
193.03
198.78
199.24
197.8
196.04
205.41
197.75
190.1
181.84
173.95
173.99
175.3
179.35
177.64
169.72
167.87
166.23
168.64
168.18
170.9
175.06
176.85
181.24
175.8
177.21
177.76
173.51
173.73
180.33
183.86
188.71
197.57
200.08
204.02
210.48
201.67
207.92
203.51
205.06
202.99
210.97
214.87
222.38
225.03
234.11
244.1
254.23
261.2
262.65
257.21
258.1
265.95
268.75
275.52
265.02
265.89
270.77
269.44
265.5
276.34
264.39
274.6
276.75
275.6
265.79
279.06
266.42
256.26
245.35
250.2
261.77
271.1
267.02
268.95
263.59
266.52
267.85
255.41
249.78
248.46
260.55
265.73
259.3
257.29
251.27
256.87
258.15
250.74
262.57
257.1
247.09
242.13
248.49
241.45
245.0
233.95
225.71
236.3
230.59
223.39
213.4
223.34
226.65
227.54
233.52
222.54
214.62
217.57
221.9
229.15
236.26
230.54
239.56
232.75
228.93
226.1
236.51
235.69
239.26
244.22
253.77
263.33
270.92
264.26
264.98
264.83
262.63
257.31
257.47
254.44
249.11
258.36
256.71
258.74
255.12
256.23
253.15
253.69
265.9
275.06
287.96
277.17
267.82
271.61
277.23
270.92
258.12
263.08