509.52
488.54
502.99
500.1
515.66
514.12
495.45
510.33
528.8
505.3
512.38
513.79
522.2
543.84
522.65
547.0
571.69
564.73
547.01
538.8
546.67
562.82
562.31
534.28
512.68
497.28
520.73
515.83
490.94
503.75
502.8
479.59
493.96
475.71
487.28
511.57
519.44
500.09
494.87
489.02
484.95
507.57
529.85
551.7
567.03
573.08
562.08
544.0
557.92
566.76
589.32
600.68
630.27
634.99
615.64
640.41
664.71
650.22
629.24
625.66
643.96
658.95
677.27
691.61
691.9
688.19
707.6
696.59
677.01
659.07
631.18
625.67
646.35
643.33
618.36
614.34
604.4
588.83
618.19
626.44
606.53
599.74
576.89
596.89
620.32
618.51
593.21
578.79
606.06
603.68
628.93
616.26
621.76
608.72
610.64
605.74
584.78
605.5
582.93
603.82
618.45
591.11
619.49
643.69
614.8
641.03
624.83
617.82
635.53
617.45
610.33
599.65
592.71
600.57
619.65
627.08
647.61
625.92
640.82
635.07
639.8
613.92
637.32
664.33
685.95
691.8
708.45
705.53
673.63
684.48
699.73
702.94
704.72
679.04
696.23
710.13
692.35
720.45
692.97
682.13
692.22
714.36
704.88
735.38
766.01
763.83
749.84
750.61
774.78
750.52
768.3
755.31
719.94
717.47
713.0
725.15
745.37
757.02
752.09
779.31
788.04
808.97
779.57
764.83
793.06
758.46
746.6
740.56
741.07
712.41
683.59
688.6
693.67
716.7
725.59
691.97
712.01
713.48
719.04
752.23
743.25
772.75
755.88
739.51
774.65
812.43
799.26
765.14
735.75
744.25
766.53
795.03
826.64
842.2
872.72
895.71
928.3
908.87
878.79
841.67
877.19
875.64
903.81
879.21
868.26
863.55
881.49
856.16
876.82
884.34
919.66
898.66
941.52
898.47
868.34
850.06
830.04
859.13
850.06
872.85
888.34
874.14
844.53
879.93
876.79
877.67
844.75
811.68
827.65
797.98
765.02
801.95
786.0
759.27
761.69
751.66
789.0
776.74
810.74
816.66
826.64
809.58
838.73
799.23
800.07
809.05
800.69
833.28
870.43
909.44
951.57
939.14
967.62
981.67
1016.77
982.79
965.09
963.58
925.9
949.59
905.64
907.79
912.47
912.47
919.55
902.67
912.16
908.36
916.74
920.73
900.54
885.46
880.83
878.07
835.92
849.13
880.46
856.24
833.14
851.43
880.61
873.23
892.79
874.57
875.77
867.76
831.68
858.36
842.49
854.96
816.01
854.77
870.56
864.62
871.49
880.14
868.47
879.32
921.8
889.2
880.87
879.27
879.94
837.42
815.02
814.14
804.7
827.66
794.49
824.5
859.78
818.21
806.79
817.13
802.99
806.91
831.09
813.47
825.14
866.31
881.61
852.16
893.89
899.25
879.06
898.02
932.8
951.12
907.94
921.84
949.98
922.8
879.88
910.62
877.19
913.82
900.86
913.34
918.62
919.89
876.5
870.7
842.68
840.2
848.13
818.2
845.61
878.63
878.27
858.09
886.33
866.72
890.25
857.14
864.92
885.73
867.17
848.49
853.44
893.87
929.51
891.03
902.08
896.0
936.25
927.07
944.68
977.18
1009.82
1008.24
1038.9
1015.35
1047.52
1016.5
1053.45
1007.54
1029.7
1026.47
976.89
949.29
963.83
958.94
932.23
924.26
927.22
906.48
872.52
902.97
908.71
881.48
845.44
807.83
843.81
874.22
862.96
867.38
839.23
837.74
875.66
886.78
848.57
826.36
841.98
877.8
911.36
925.88
886.79
914.62
910.31
864.98
827.29
825.07
826.86
788.24
809.45
827.55
829.35
810.02
812.31
833.43
826.29
844.74
868.54
894.05
921.94
882.5
902.36
907.54
925.93
913.43
887.28
930.51
956.92
951.63
931.28
974.59
1013.28
1015.19
1060.57
1009.71
979.87
972.73
967.09
939.28
928.23
949.2
955.15
982.38
943.11
944.39
981.88
949.65
907.22
947.83
926.07
905.22
948.46
974.47
948.65
921.16
918.56
936.76
949.45
974.43
1020.03
1026.9
995.53
979.57
1012.3
1056.8
1057.73
1064.17
1067.08
1046.54
1075.54
1030.86
1077.16
1078.17
1053.76
1063.58
1020.14
1060.04
1089.22
1041.12
1087.1
1116.75
1092.15
1135.08
1182.43
1195.47
1197.61
1225.81
1242.43
1218.63
1238.02
1192.72
1154.87
1156.32
1170.28
1138.06
1141.9
1157.19
1198.34
1202.39
1188.06
1244.95
1269.43
1309.55
1293.78
1233.84
1207.96
1214.98
1193.18
1137.78
1130.58
1126.19
1113.21
1066.6
1079.34
1041.52
1035.14
1003.28
1034.2
1068.38
1023.91
991.93
952.26
906.45
943.46
984.72
994.49
1032.76
995.74
1038.82
990.91
1007.5
1014.04
1033.26
1060.34
1052.95
1022.62
1070.14
1053.48
1049.75
1001.32
1005.02
975.06
972.95
1000.37
1006.51
969.69
943.03
965.11
1008.04
1057.64
1065.6
1066.31
1034.44
983.06
972.93
972.93
978.06
1016.81
1014.22
971.42
989.92
1007.16
980.7
987.16
1009.96
970.03
1007.85
1033.25
1033.84
1046.69
1046.9
1067.36
1031.03
990.12
966.9
938.89
941.36
988.06
1032.56
1038.9
1040.14
1071.69
1019.52
1046.16
1054.99
1062.87
1047.02
996.85
1022.67
1002.91
992.08
989.92
974.09
1015.26
965.52
959.78
957.63
956.96
932.83
940.55
913.02
895.77
905.02
907.3
877.4
839.63
876.24
906.28
940.98
969.24
984.5
956.59
1001.19
1028.44
995.22
977.12
933.69
943.45
899.59
896.26
858.37
838.28
847.96
831.25
805.59
845.52
875.06
896.69
868.25
836.62
854.32
864.3
855.6
865.55
872.32
845.97
870.72
889.1
851.64
847.02
849.15
855.64
888.53
891.1
850.35
878.9
903.88
943.5
911.13
944.58
979.38
981.55
940.72
960.88
943.34
973.24
945.48
916.08
899.48
873.26
902.85
941.27
898.96
912.84
875.73
902.51
877.57
863.99
880.27
887.68
894.03
864.39
860.95
823.94
802.6
802.3
802.17
768.81
785.39
805.72
838.73
851.61
873.28
856.51
831.89
858.25
890.59
895.37
859.91
876.85
876.04
865.52
834.99
804.11
840.92
882.47
900.69
945.52
947.41
954.16
971.86
975.63
1011.43
1054.93
1048.88
1094.14
1109.89
1073.12
1103.66
1135.07
1191.29
1208.29
1252.03
1297.32
1299.88
1326.23
1344.16
1398.35
1337.66
1381.59
1385.8
1387.18
1454.25
1469.03
1406.13
1398.25
1461.85
1473.19
1544.1
1543.72
1569.67
1610.83
1567.34
1512.61
1543.62
1488.38
1475.13
1416.94
1477.71
1495.08
1466.78
1402.43
1351.6
1389.76
1398.24
1348.16
1344.24
1324.9
1307.59
1344.75
1311.25
1355.03
1392.14
1394.51
1461.64
1496.69
1559.1
1604.15
1527.7
1563.04
1532.83
1490.14
1453.08
1442.43
1382.05
1450.25
1445.82
1380.48
1439.41
1386.79
1403.26
1333.21
1328.1
1351.25
1303.34
1337.82
1386.12
1419.54
1451.1
1437.67
1435.19
1472.45
1466.08
1416.32
1422.48
1423.02
1482.23
1424.33
1387.53
1441.1
1431.57
1497.52
1528.0
1539.53
1568.5
1545.01
1501.62
1515.86
1587.44
1566.21
1503.13
1540.22
1506.26
1555.78
1498.13
1525.04
1523.03
1514.11
1487.18
1543.17
1602.22
1538.37
1544.3
1507.68
1504.6
1495.02
1475.67
1454.66
1423.89
1360.89
1324.08
1283.74
1265.09
1279.7
1256.37
1210.51
1202.23
1166.91
1122.24
1098.03
1120.14
1100.17
1154.53
1106.37
1126.94
1153.05
1175.73
1168.19
1196.88
1159.63
1132.09
1086.36
1038.07
1015.39
996.01
996.6
1005.06
968.43
942.81
971.47
993.53
992.49
963.65
975.4
960.19
925.29
953.15
940.52
931.37
952.56
939.0
919.55
929.33
886.46
919.78
874.01
894.56
873.25
901.55
904.06
915.22
915.08
939.21
896.47
901.83
916.83
893.15
865.39
894.55
889.15
847.56
808.14
774.11
768.34
801.22
828.27
828.84
791.94
792.84
784.04
762.42
762.78
747.19
711.17
677.3
693.53
675.64
670.0
648.65
628.17
651.6
640.57
666.43
658.07
672.88
701.68
720.74
752.31
768.38
738.4
716.9
703.26
686.59
655.92
688.29
694.97
697.63
687.35
704.88
680.59
668.78
647.58
641.69
621.31
606.06
629.74
649.99
674.12
696.06
691.53
720.7
755.25
787.02
799.07
790.45
774.88
783.83
782.3
745.72
752.74
780.79
799.35
811.86
809.39
829.8
800.38
802.08
780.94
767.58
786.64
755.15
736.73
733.91
749.0
784.0
783.24
780.0
806.68
803.7
787.95
748.67
754.12
736.53
745.31
745.89
750.54
733.2
752.81
766.8
730.62
758.04
757.74
739.85
703.62
737.82
722.23
695.18
691.32
683.71
653.56
659.94
669.0
651.09
647.91
637.83
659.76
676.29
689.09
669.28
663.4
659.02
687.46
656.47
662.11
669.34
658.77
685.81
676.47
655.37
684.71
688.17
655.65
634.14
656.17
685.67
655.49
650.25
659.73
648.29
652.05
649.66
673.1
674.17
662.15
653.49
669.71
667.77
688.31
675.11
675.84
689.88
673.9
648.74
653.01
626.56
606.46
579.29
565.76
567.78
545.17
534.06
560.21
555.77
533.99
551.21
532.3
512.2
535.06
554.18
553.94
526.73
545.95
571.04
547.45
548.75
575.37
547.42
567.1
557.8
584.1
564.13
550.92
577.09
579.11
590.08
564.5
563.34
591.42
572.15
583.16
569.16
550.68
524.51
513.16
526.04
526.77
507.14
490.33
511.83
492.42
510.44
500.47
523.18
542.78
525.07
541.46
519.25
520.97
530.0
542.49
566.18
591.27
588.31
613.43
582.82
601.53
589.8
573.52
595.57
601.07
604.57
615.59
589.43
601.55
612.95